      5 1001228776032763905
     91 1003107003693137921
      3 1003662615661436929
     10 100380798
      8 1003895325025865730
      9 1004085488859385863
      6 1005148131091275777
      3 1005237882
     37 1005846500583321601
      4 100588178
      5 1006165181871910912
     13 1006419421244678144
     24 1007269733316677639
      3 1008688766062661632
      3 1009064359664816129
     66 1009546724
     74 1009900083402461185
      4 1010321477772697601
     26 1010384732759252997
      4 1010583751460622337
     36 1010593116
      3 1010623406176235520
     11 1011580472709787648
      4 1011970623470489601
     20 1012201853877186562
      3 1012209702
      4 1012351320953708545
      5 101447362
      3 1014612383199911936
      3 101496998
      7 1016532597432725506
      9 1016943828052336640
      3 1017178987976712192
      3 1018030314659164160
      4 1018479795984830465
      5 1019944707311403008
      4 1019974187975430144
      5 1020662868524511233
      3 1021208979513454597
      3 1021382089059590144
      7 1022257111621926913
      3 1024435689683861506
      3 1024584285620236288
     13 1026756113973354496
      3 1027348660013563904
      4 102825384
      3 1028770525160660993
      6 1029041185808109568
     23 1029475507430146048
      6 1029612428026204160
      4 1031530278
      4 1031946753510203392
      7 1033084441697153024
      8 1033088633731870722
      4 1033195357
      3 1033587691
      4 1033848682930728961
      5 1033994695595065347
      6 1034675221452578816
      3 1034875037877186560
      4 103652294
      9 1038241060516900864
      4 1038970825699774465
      8 1040160799208161280
      6 104040220
      3 104152457
      7 1042307696
      3 104233325
      3 1043745428879986689
     12 1045110787
      3 104594451
     51 1045976040877756421
      7 1046745148703608832
      5 1047071760389165058
      3 104711683
      3 1047372551482167296
      6 1048500676916076545
      4 1048593008894128128
      5 1050478262009262080
      3 105050227
      7 1050824274691416069
      3 1052497879
      3 1052522228
      3 1052571889007251458
     59 105327432
      4 105374246
     10 1054893957652434944
     20 1055307732226531328
      3 1058356950113509378
      7 1058473484
      3 1060027756619202562
      7 1060375401166397440
     29 1060638590789734400
      6 1060751816
      4 1063211677
      4 1064610773488599041
      4 1065397059262414848
      8 1066773270773547008
      5 1066812489147604993
      3 1069512940926062592
      8 107030017
      3 1071638719
      4 107227617
     11 1073645785911222273
      6 1075356324072972288
    106 1075927117
     15 1077181999
      4 1077563541761052672
      3 1077703279218282497
      3 107807111
      3 1079769536730140672
      7 1080154047519150080
      5 1080188052365029376
      3 1080277407867772930
      9 1080485113
      8 1080584229510172678
      3 108094234
      5 1081222837459996672
     11 1082078521659482114
      6 1082192580203339776
      4 1082246178283155457
     12 1082344533654990848
      3 1083037637634449409
      5 108352527
      5 1084523178444099584
      4 1084818625578627072
      5 1085290065490632704
      3 1085590218328195073
      3 1088040155926183936
      4 1088761072163516417
      3 1088805993906085888
      3 1089045346242576385
     13 1089151295397621760
     16 1089330601553932290
      6 1089998124
      3 1090232196009545728
      5 1090319989427433472
      3 1090579343569571840
      4 109071031
      9 1091392843518828544
      3 1093139344469176322
      6 1094713876132872192
      4 1094762324097822720
    139 1094971056358637568
      5 10955042
      8 1095523459877068800
      8 1096344586140700672
      9 1096443838653218816
      4 109749447
      3 1098198745810984960
      6 1099390247534759938
      4 1100765004415074304
      3 1100838158906859523
      5 1101971643327426565
     30 1102447409177608192
      4 1103001381114429440
     13 110396781
     85 1104045001321926656
      5 1105668831043715072
      7 1105735643135537152
      5 1105841749442904065
      3 1105919055595167744
      3 1106090736276004864
      4 1106771843929788419
      3 110692399
     56 1108297656550318080
      3 1108423043775254528
     46 1108565574
     15 110893874
      6 110899711
      3 1109504386550513664
      3 1110032180237852672
      4 1110122179
     12 1110389035174948864
      8 1110711639064698880
      3 1111666763584991233
      3 111388931
      8 1114473042258698240
      3 1114474235949277186
      4 1114675538
     15 1114970489942753280
      7 111556423
     10 1115874631
      6 1116552895401316353
      3 111668442
      4 1118019922108370945
      6 1118324398761574401
      3 1118336716425719811
      3 1119014143590305797
    103 1120633726478823425
      5 1120698997327294464
      7 112155894
      4 1122618943225643009
     20 1123274196098920453
      3 1123536127908966400
      8 1123996182
      4 1124001618096160770
     11 1124907304933969920
      3 112522157
     77 1125443593085358082
     34 1126026707771650048
      5 1126511673794129920
      7 11265142
      7 1128723394629971969
      6 1130005901140811777
      9 1130046320184446976
      3 1132374368
      4 1132832803
      4 1133233299554545665
      5 1133463477656457216
      4 1134152253353447424
      4 1134617890735448069
      5 1134753740
      5 11348282
     15 113491007
      4 1135707841879085059
      3 1135721977631641600
      4 1136128644
      4 1136667717317091328
      5 1137033067128926214
      8 1137438540
      3 113746263
     20 1138198502276784128
      4 1138458175663988738
     23 1138486153861095426
      3 1138558717736042496
      3 114023433
      4 1140620623665868800
      8 1141740754756239360
      3 1141752838487445504
      7 1143288195741863936
     30 1144763809225203712
     13 1146329871418843136
      3 114718372
      8 1147477886170886144
      3 114782468
      4 114908717
     10 1149723393245220864
      3 1150206412867416065
     12 1153682741780598785
      4 115393565
      6 1154105453317677056
      3 115466984
      3 1155192538535550976
     15 115563859
      4 1156645813
      6 1156988582529306629
      3 1157088899115544576
     20 1157249837206843392
     20 1158193640
      3 115823765
      3 115884789
      4 1159682513947652096
     14 1160263164078022656
      9 1160668060614717440
     10 1161156626671423488
      4 1163468033588957184
      4 116402625
      3 116502194
      3 1166460750610739205
      3 1167120000286523392
      5 1167153177818361856
      5 1167330903955255296
      7 1167466822649753607
      4 1167843938599952384
     68 1168793622248067072
      4 1169989273468190728
      4 117004374
      3 1170549170513440768
     10 1171109054
     14 1172545640360022019
      3 1173497359193391104
     29 1173501470345445376
      3 117576644
      3 1175947712124063745
      3 1176474996400693249
     13 117667573
      3 1176861007303585792
      3 1177181061173956609
      5 1177412853919182849
      7 1177439542921445377
     94 117810351
      4 1178452608794726401
      7 1178704911426564096
      3 117873637
      3 1180144006585573378
      3 1180480529826754561
      4 1180903581391605760
     33 118166719
      3 1181936905820266496
      9 1181953435522011136
      3 1183279797654511616
     77 118459189
      7 1185366642869460992
      3 1185370577583906816
      9 1185588451665530880
      3 1185688757674135554
      3 1187055258712924162
      3 1189293292686630912
      3 1189438597734244352
      6 1190453118
      4 1191160675894251523
      3 11912362
      4 1191767403610492930
      5 1192160073897988096
      4 1192861100804575234
      5 1193613424783249409
      5 1194152189142417408
      3 119421760
      3 119434486
      3 1194801500498931712
      4 1195126426959319040
      3 119818129
      3 1198652670267056128
      3 119980865
      3 1200438346809565186
      6 1201730863035142144
      3 1202415019771584512
      3 1203799034869235713
      3 1203874525168844802
     13 1205226529455632385
      3 120674657
      7 120720108
     15 1207264403248140290
     12 1208160128060379136
      5 1208293000511574017
      3 1210233737356730368
      4 1212287173321297922
     13 1212560564225900544
      4 12133382
      4 1213446779535937542
     12 121417367
      4 1214193808755187713
      4 121462492
     12 1214648962491269125
      3 1216793092134723586
      5 121732143
      9 121768165
      4 1217912953657274368
      4 1217917146421960704
     69 1217922136343490576
      4 121853848
    316 1219232377605644289
     11 1220056834515578882
     25 1220843046125940736
     60 1221462414744596483
      3 1221554431541633024
      6 1222084828100775945
      4 1222371206684266496
      7 1222773302441148416
      5 1222796311168077824
      3 1223295873116987394
     16 1223389308
      7 1224566569319239680
      3 1224765856737046529
      9 1225382429080391680
      5 1227295530608283648
      4 1228268170126991360
      3 1228805862363455489
      4 1229449496389705729
    199 1229752606714728454
      4 1230463969
      4 1231262875571933187
     17 1231433890595622913
    255 1231514832479948802
      3 1231676010006888448
     45 12321952
      9 123281100
      9 1233204595394072577
     26 1233660354498088962
     10 1234607702212395008
      3 1234879375734181888
      4 1235496079447060482
      6 123581921
     41 1235970884113850368
      3 1236155093847666689
     11 1236816024281976833
      3 1238164626388500482
    146 1238370241169616897
      7 1238457664029560832
      8 1238492109897895937
     57 1238583088998830081
      4 1238635203909890051
      4 1238848104968810497
      3 1238949674989416449
      5 1239004332206546949
      3 123910041
      4 1239206834193326085
      6 1240303976781733889
     71 1240682348120866816
      3 1240932982707204097
      5 1241414007355047943
      3 1241675600399564800
      7 1242080493694341127
      7 1242358474568347648
      8 1242409188
     57 1243560408025198593
      3 1243633084874047490
      4 1243976208154529795
      3 1244198220366000128
    106 1244266306485932034
     21 1244661559948787713
      3 1244750886716329984
     13 1244795359097958401
      3 1245123530334916608
      3 1245422747238518784
     13 1245843601390817281
      3 1245932239717724162
     10 1246004181372211202
      7 1247020867529453568
      9 1247474442
      7 1247486220
      3 1247984431
      4 1248259588685692928
      4 1248627749201285127
      3 1248715650794749954
      4 1248731077075664898
      7 1248772656435871744
      3 1249059804762562562
      3 1249858166
      5 1250528764154568704
     13 125143408
     34 1252988129708929024
     22 1253672034
      9 1253939558514692098
     12 1254077828481630208
     32 1254449478
     13 1254484981684015104
     31 1254707039500144640
     13 1255091950115606530
     11 1255176009764294656
      3 1255393579507351554
      4 1255909267401510916
      3 1255942372380180486
      8 1256595851859726337
      5 1256724024241119234
      3 1257158389
      3 12579352
     14 1258129712
     11 1258884036577157123
      3 1259818577785307137
     14 126042283
      9 1260515654811242498
     13 1260764666789158913
     16 1260885935383666688
      3 1261219380
      5 1261740727735685120
      3 1263116741351280642
      5 1263645592095318017
      9 1263951608330715139
      4 1264044208387547137
      4 1264350074814951424
      8 1265187595161464833
     33 1266006636000358402
      8 1266474230
      8 1266675567774097409
      6 1267221600023334914
     31 1267462011153195009
      6 1267850215614185477
      4 1268223690480615424
      3 1268419745012789248
      5 1268508296
      4 1268848730754756611
      3 1268999726453719042
      3 1269217886058549248
     69 1270133776748855304
      3 1270217997190340610
     26 1270331748505669633
      3 1270426374
      3 1270917763830296577
      3 1271489698612084736
      8 1272339251070468096
      3 127290914
      5 1272984661250187266
      3 1273774962495627265
     29 1274450883460255745
      5 1275209472
      3 127605667
      6 1276399597175427073
     10 1276620122845659136
      3 1276904608032591875
      3 1277288422281932800
      6 1278236816936710144
     64 1278401163373707267
      5 1279903151861235718
     12 1280454331410440192
      9 1280533623561687043
      3 1282645595946135553
      4 1282788499129864194
      3 1283359889163603969
      7 1283900598
      3 12848262
      5 1284890693907951618
      3 1285725618198347776
      3 1285788791119069184
      4 1285954032813649923
     16 1288252277187371012
    157 1290232189615894531
      4 1290779506911977473
      9 1292141575947116544
      3 1292476725977387010
      3 1293453439
      8 1293684334805884928
      4 1294338975809916929
      3 1294430907814666240
      4 1294741
      6 1295064923685310464
      4 1295075863218647040
      3 1295405245011460096
      4 1295830169802940416
      9 1295958600
     13 1296189449747931137
    104 1296279134079823872
      6 1297267109114851330
     49 1297471014389944322
      9 1297534640014667778
      3 1297798760529985537
      5 1298243926420267014
      4 1299418255937998854
     32 1299769218
      8 1300009654169280517
      3 130104942
      4 1301125132052766720
     14 130120037
      3 1302167932114411520
      4 1303043874470985730
     25 1304036484920606720
      7 1305220768746283008
     17 130557513
     19 1305795361336770560
      3 1305999480903348226
     28 1306152383601192961
      4 1306676374128799744
      4 130668639
      5 1307465293078253568
      4 1308267623327518725
      4 1308358704454987777
      4 1308494794713370624
      4 1308697225497772033
     13 1308758393373458437
      3 1308877368627519489
      8 1309040708079226880
      3 1309194594190532610
      6 1309391725765459968
      8 1309417499398746112
      8 1309762062
      3 130980745
      8 1310150012282830848
      5 1310219550
     10 1310240355858681856
      9 1310293913211744258
      3 1311333942381875200
      6 1312028370088144896
     21 1312166469891813376
      3 1313081803133997056
      4 1313568309506453506
      3 1313944235452891144
     93 1314241954058833926
      5 1314549528155115525
     27 1315053256343719936
      3 1315648635581853699
      8 1316158478642294785
      6 1316468089018609670
      3 1316757892243087361
      4 1317720540
      9 1318537581185896448
      6 1318639282899341321
      6 131926473
      5 1319277014369538051
      8 131935861
      3 1320250946916651015
      4 1320463487257247744
      3 1320773699528699905
     20 1322420269
     22 1323084170
      4 13239562
      8 132496568
      3 1325141531406184448
      4 1325255227247767552
     11 1325563478
      7 1325992895334256642
      3 1326088264747544576
      7 1326139149426941952
      4 1326834906287144961
      4 1326867091333537793
     10 1326889278664658951
      4 132731802
      4 1327442450957303809
      4 1327843160
      5 1329120146158362629
      6 1331107444416770048
      9 1331899815140143105
      4 1332008990906179586
      4 1332340474846167040
      4 1333273132547751936
      6 133338929
     10 1333774146807980033
      4 133397127
      4 133444325
      3 1334696264185724930
      3 1334814328084688896
      8 1335755932702224385
      3 1335772598
      3 133584406
      8 1336329584178909187
      6 1336824516
      8 1336874614891421697
      4 1337398388
     21 1337423634403487744
      3 1337725045
     10 1338422966166515712
     36 1338892910549475330
      5 1339357320
      3 1340885244577263616
      5 1341124283666329600
      9 1341233976434782210
      7 1342967244
      3 1343505621677715461
     14 1344672139312562176
      5 1345143734854242305
      6 1346060456805470209
      4 1346492377448398849
      5 1347250338
      3 1347416513721069569
      4 1347497517894627329
      4 134758540
      5 1348481478229848067
      7 1348673658433261568
      5 1348803690191351811
      6 1348825664451866624
      4 1348930324047286272
      7 1349053179552440320
     12 1349395827362590730
     20 134939868
      3 1349869653816823813
     13 1349909704173002753
     14 1349922686898724864
      4 1350077020768620546
      9 1350150750966603777
      5 1350539645872963584
      8 1350543516166979589
      7 1351284403801108481
      4 1351956895
      4 1352452544
      4 135433469
      3 1354459849187356676
      3 1354525155238801413
      4 1355166823306702848
      8 1355398340
      3 1356228779748823041
      4 135637639
      7 1356480360599621632
      7 1356633646514409473
     25 1356786368656138241
      8 1357061886286602240
      4 1357083175999127557
      5 1357551713629077505
     58 1358064335415877635
      7 135890983
      5 1359009358940626951
     26 1359532099
      5 1359870889110642697
      3 1360035053464547335
      3 1360162597102907394
      3 1360664442304823298
      9 1361142865728954370
      6 1361329989665325059
      7 1361726568343699457
     12 1362103305715900416
      4 1362322526118969346
      9 1362805552162701314
     27 1363236861402112002
      6 1363558112498749441
      4 1364003111195480065
      3 1364441356211380225
     49 1364639441604800513
      8 1364805642469351430
      8 1366537530519154689
      5 1366766484
      3 1366950227240906754
      6 1367092300627771402
      8 1367361786039648257
      4 1368799567190237188
      3 1369160185315430402
      3 1369225110146588672
      9 1369701486
      3 1370194084598587393
      5 1370269173436317697
     28 1370616208928747520
     16 1370879836797947907
      5 1371465858111975425
      4 1371726991343247361
      4 1372166406972661770
      6 13748562
      6 1375127026840039424
      3 1375846488031432705
      3 1376861391957733380
      3 137692387
      3 1377488084
      7 1379292876
      3 1379744641226969093
      3 1380060790108127232
      4 1380105042989101061
      3 1380775691621388288
      5 1380918328034615298
      5 1380949455780859909
     12 1381084029932474371
     60 138168339
      3 138203134
     11 1382431445063495688
      3 1382432473892683782
      3 1382621628358664195
     20 1382912376597479427
     12 1383635482198757378
      7 138451153
      3 1384611618655506437
      3 1385222564306247687
     64 1387010761994682371
     19 1388819128052506627
     10 1389619592130088976
      7 1391168043087060996
      4 1391384620000849924
      4 1391482869906825229
      4 1391645372452245509
      3 1392078209588543489
      3 1392257724914802692
      3 1392378096
      4 1392444458990440449
      5 139328853
     10 1395015194208727046
      4 1395023733534822400
      6 1396166528287002626
      4 1396548314095517696
      3 1396958374344871937
      5 1397596128435187716
     13 1397602893432201221
      7 1397630402
      4 1397725068738826240
     11 139823781
      4 140013897
     10 1401861298233647106
     21 1401963978109169665
     41 1402072207694589954
     15 1404256569156521987
     40 140496030
      5 14051524
      3 1405866883
      8 1405949898604703744
      3 1406892875233693699
      3 1407045653683900422
      5 1407324806421237761
      3 14089195
      3 1409613542068613121
      4 1410502378416115717
      3 1410580580454989828
     50 14106476
      3 1410700164067647495
      4 14107202
      6 1412125415993397251
      3 1412464003926966272
      3 1412897313907900420
      3 1413252179817754626
      3 1413622426030813187
      3 1413806300
      6 1413906206326935564
      3 1414045007460265988
      9 14159148
      4 1416832546936082436
      4 1416846409865867267
      4 141715281
      4 1418251818317062145
     87 14192000
      7 14193053
      4 1420351245819207681
      6 1420529744311988233
      3 142061184
      5 1420863242054864898
      3 1421417927769829382
      3 14216661
     21 1421835080813666306
     14 1422044577079377924
      3 1422903257274490885
      3 14234323
     22 14247236
      6 1424844847115079682
      9 1425051930750033947
      4 1425368203996372994
      5 1425867981112893448
     11 1426046580507824129
      3 14260960
     16 1427453911070347267
      3 1427611327552532482
      4 1429016867532849153
      6 1429173826689064961
      4 1429631573981233154
     10 1430026082984595462
      3 1430083013187043332
      3 1430905832246370308
      5 143148850
      4 143159404
      6 1431888742780846082
      3 143222251
     29 1432413874548994052
      4 1433631997713289264
     12 143415291
     23 143427448
     12 1434933202225799170
     10 1434997570934169600
      3 1435023354872745985
     13 1436093042
      7 14361155
      3 1437276203312984070
      5 1437645763564253185
      3 1438168085668712448
      9 1438310422193459205
      7 1438527367505330177
      4 1439329794735296515
      4 1440005875763236865
      3 1440383378683875328
      4 1441091024168783881
      6 1441111022283079682
      4 1441358322611802120
     11 1441440479539826689
      3 1441585487316062223
      3 1442016328013926406
      3 1442256078259974154
      3 1443095900855881731
      6 1443553544791990272
      6 1444053231122923522
      9 1444503111767404550
      5 144542683
     49 1445454626522755078
      5 1445729339438505984
      3 14457811
      3 1446535032982679559
      3 1446703393662246913
      7 14470793
      4 1447541603015528454
     32 14476016
      3 1448820035015770116
      3 1449405863995879427
     24 14499829
     22 1451207907098431503
      8 14513611
      3 1451773004
     20 14522537
      4 1452765953565999104
      3 1452897509202972677
      3 1453677224171905024
      8 145369414
      6 1454928205
     21 145499533
      6 1455576852492324872
     14 1456025947719622661
      3 1456108406947807236
      3 14575014
      3 1460017894323101707
      3 1460650206844837893
      3 1460733874724487168
      4 1460885434851069953
      3 1461157250337173504
      4 146123790
      3 1461884280536059912
      3 1462046809
      3 1462548977367359490
      3 1462791941301542914
      5 14635601
      6 146417503
      3 1465157496192978946
      5 1465347964252180493
     12 146569971
      5 1466018504394649602
      5 1466129890147811336
      4 1466586706576961537
      3 1466750857
      5 1467197713422991363
      3 1467443898977030146
     12 1468622868032466946
      3 1468707251481423880
      4 1469264387512979461
      6 14699520
      3 14700117
      3 14700316
     18 14704278
      6 14707794
      3 1470884915105263620
      3 1470985024975654914
     17 1471037967926018051
      3 1472286672444403712
      8 1472371170758512653
      9 1472840303564537858
      3 147401660
      4 14740721
      8 1474109918089293826
      3 1474621435427442690
     14 1476701921893257236
      3 14769238
      5 1476961041389027333
     12 14772775
      4 14784939
      3 147849987
      4 1478729268981084162
      3 1479499011895738369
      4 1479667621867888644
      4 147991962
      4 1479984731911438337
      4 1480071384600485889
     11 1480266661768966148
      3 14803951
     29 1480493394363392004
      6 1480623037204635649
      6 1481377905573871619
      3 1481828312687464448
      6 148204118
      5 14820509
      3 1482125874954706950
      8 1482328498958213124
      4 1483196161401901056
      3 14837621
      6 1483794432793010178
      3 1485252484998352899
      4 1485560866858668032
      3 1485636486
      4 1485672905702838285
      9 14872237
      3 1487820345692332032
      3 1487913312746622982
      4 14888467
      6 1489164711652466688
      5 14893847
      3 1489683283864608768
      3 1491138488061857792
      7 1491266563436990464
      3 1491739985761943560
      4 1491983291519586310
      5 1492477876297670666
     10 1492574423290990595
      3 14926475
      3 1492745382408851462
     12 149282848
      8 1494031609217048579
      6 1494491251680456741
      8 1494582293331349506
      4 1494675681841758208
     38 149522272
    323 1495480590572961792
      8 14955353
      3 1496052422535524353
      4 14962779
      3 1496645834951299072
     11 1496668119749648384
      3 1496723055506169856
     34 1496808190700363779
      3 1496974090506162180
      5 1497024001314590725
     14 1497151329374031872
      3 1497280599706460160
     15 1497304735887638530
      4 1497447437841182727
      4 1497530041504350208
      6 1497649756881006593
      3 1497658112119037957
      4 1498007127763427328
      3 149808530
     11 1498743557607366659
      3 1498965648252321795
      8 1499295169870319616
      8 1499831533414371342
      3 1499881545271808004
      4 1501329012865388546
     11 15021381
      3 15022885
     19 1502349083981324288
      3 15035991
      4 150419399
      3 150466727
     13 1505100747393880074
     25 1505481949854502915
      8 1507235112
     24 1507338108
      4 1507828874603806727
      3 1508508504
      3 150856088
      3 1508704561132974083
     38 15088481
      5 1510918164
      4 15115280
      3 1512557049103757318
      3 151257881
      5 1513728013
     18 151376102
      3 151432737
      9 1514803698
      3 15157283
      8 151606599
      7 151669116
      4 15169907
      3 1517138478
      7 151967576
     14 1519997904
      4 1520202720
      6 15220768
      4 1525446732
      4 152656121
      3 15288851
      5 15309072
      3 153151272
      3 1531521632
      3 1536236778
      7 15392486
     13 1539378523
     12 1540529606
     73 15423737
      8 1543321040
      4 1543664064
     18 15439005
      3 15439395
     14 15446551
     51 15480566
      7 15481850
      6 154830217
     11 15484198
      3 15496407
      3 1553926891
      4 15553222
      3 1558406653
     86 155930120
      3 15593696
      4 1560309650
     23 15614141
      5 1561975297
     14 156306739
     26 156653779
      3 15675138
     11 15676944
      3 15687399
      4 156881548
      4 1569270146
      4 15698452
     73 1573800344
      4 1573873243
      9 15745368
      8 1576463233
     12 15764644
      3 15769858
      4 1579290116
     10 15801906
      6 15807351
      3 15822295
      8 15832195
      3 158414847
      4 15852801
      3 15876845
      4 1588068188
     53 159021888
      3 159146922
     20 15976705
      8 159955958
      9 160094489
      3 16012783
     28 160244947
      5 160271132
      4 1602913392
      3 160344554
      5 160435818
      3 1604444052
     83 16050065
      7 16094885
      4 160952087
      7 16133530
      3 16139649
     24 161505969
      4 1616988301
      8 1617275450
      3 16185413
      6 16185879
     15 1618718016
      5 161988348
      6 162063442
      4 162071541
      3 16212685
      5 16219502
     13 162427574
     11 16286419
      3 16299627
    362 163018653
     14 16314859
     13 16315143
      9 16331010
      7 1634512056
     34 16374678
     30 16378486
      5 163922710
      4 16393781
     17 16403943
     14 164060400
     28 1640929196
      3 164226176
      4 164263382
      6 164380330
      3 1645345628
      4 164554364
      3 16457400
      3 164706541
     10 164718384
     45 1647573157
      4 16476911
      5 16503453
     13 16513335
     14 1651522832
      3 1652177576
      3 1652253570
      5 1652541
      5 165500187
      7 16557472
      5 16560657
     16 16563015
     16 1657761703
      3 16580226
      6 16582131
      5 16589206
      4 16596200
      5 16638041
      3 166426325
      5 16645313
      4 16671007
      3 166746503
     41 16692859
      9 166985027
      3 1670437968
      3 16711026
      4 167155452
      3 1675563421
      6 167932594
      3 1680691602
      5 168144703
      6 1681704248
      5 16832632
      3 168503417
      4 1686874152
      3 16869718
      7 1688
      4 16891240
      9 169265464
     16 16966104
      5 16973333
      4 169898513
      7 16993219
      3 16996451
      4 17006036
      3 17010536
      3 17018594
      3 17025489
      8 17027378
     41 17027632
     10 17045260
     15 17056433
      7 17062358
      3 1706358680
      3 17094311
      6 17099921
      4 1710232142
      7 17112878
      4 1711586252
      6 1712765988
      3 17134268
      4 1714358744
      3 17152053
      6 17152067
      9 171699484
     10 1719253842
      3 171943456
      3 17204460
      3 17220817
      3 17229809
     37 172323296
      9 17243213
      3 17243913
      6 17292143
      9 17329538
     31 173672963
      4 17385685
      4 17389318
      3 174292801
      9 17446621
     45 174473050
    108 17477864
      8 17494010
     20 17525171
     42 175989309
     10 17629860
     10 17672825
      3 17680050
      5 17684387
      7 177101260
      7 17717593
     20 17724276
     11 17793878
      3 178092530
      7 178156240
      3 17820022
      6 17829133
     10 17867050
      6 17895820
     28 17919393
      5 179313631
      4 179449138
     21 179732982
      4 180032672
     39 18004222
      4 18020612
     13 18053163
     24 18082945
      6 180887271
      6 18113993
      3 181245414
      3 18125466
      5 18159985
     10 18178850
     10 18208368
      4 18213483
      3 182230187
      4 18228708
      4 182373921
      4 18238409
      3 182422417
      5 182474563
     18 182503471
      3 18259219
      7 183024552
     15 18320938
      4 18332190
      4 18359336
      5 183767243
      6 183770461
      5 1842010946
      3 18440301
      3 1846263972
      4 18464266
     10 184763933
      3 184959283
      7 184970791
      4 18535660
      4 18538268
      7 18541444
      3 1855608446
      5 18559001
      3 18561243
      3 18564887
      4 185722900
      6 185765234
      3 1858780626
      5 18621574
      6 1864591632
      5 1865540413
      4 18655567
      4 186667011
      3 1866938882
      3 1869683005
      3 187289134
      3 18791654
   1076 18831926
      3 1885990177
      3 1886630521
     31 18869484
      3 188723073
      6 188793260
    438 1891490382
      5 18950745
      5 18965916
      6 1897328731
     16 18980055
     19 189868631
      3 18997933
      5 1900566776
      4 190154112
     31 19019465
     25 19058678
      3 190638538
     68 19080151
      6 19084896
      3 19088288
      5 19089339
     39 191100226
      3 19119809
      5 1915033663
      3 19158571
      4 19168328
      8 1917731
      4 191881312
      5 1921157221
     31 1921951394
      3 1922781510
      4 19233522
     10 192414447
     22 19282280
     19 192892778
      3 193042922
      3 19347791
      3 19362299
      3 19362341
      3 19370499
     14 19386622
     19 19386778
      5 19397439
     11 19422491
     37 19426551
     18 19429280
     28 1944466748
      8 19444754
      3 19479421
      5 19481808
     36 19489239
     20 1949420935
      5 194980378
     17 19500405
     38 19536434
      3 195566573
      5 19568591
     17 1957610664
     35 19604599
      6 19608297
      3 19608718
      9 19617541
      4 1962626484
      3 19644592
      4 19657809
     21 19664367
     19 19670226
      5 1967216306
      4 19674092
      7 1967889907
      3 19678937
      3 19687282
      7 1969346438
      3 196994616
      5 197208080
      5 1972519165
      3 1972924590
      5 19777398
     32 198296897
      3 198357693
      3 19865619
      4 19869623
      6 19897138
      8 19902709
     11 19913106
      7 19923144
      4 199452338
      6 199516357
      3 19977028
      4 19983221
      3 20000725
      9 20015311
      5 20015944
      4 200163448
      3 200511006
      6 200583835
     21 20098015
      4 201421060
      5 202010826
      3 202124139
      5 202216517
      5 20229511
      3 202390374
      8 202484055
      7 20253024
      3 202884181
      3 204273771
      4 20427720
      3 20429918
      3 20446536
     10 20485206
      4 20518688
      7 20543416
      4 20563760
      4 20565970
     38 205864193
     15 20589511
      3 20596281
      3 20598137
      7 20610385
      3 206170317
      3 20646711
      6 20675681
      6 20693873
     26 20699709
      4 20702508
      7 20715936
      4 207471475
      8 20764031
      5 20796069
      7 20812193
      7 20821069
      5 20846658
      3 20907463
      5 209176493
      3 20944311
      4 20946303
      7 209535365
      7 20973388
     13 20995648
      3 21037096
     11 21059255
      3 210732612
      3 21077990
      3 21088417
      5 211958786
      5 21215254
     29 212445456
      5 21249970
     20 21258337
      5 212621119
      3 21313053
     23 21313357
      5 213243802
      3 213245607
      9 21365372
      4 21406834
      4 21438665
      3 21442298
      3 214476115
      3 214558299
      4 21461359
      7 21480788
     87 21489341
      5 21542518
     22 215899949
      7 216065430
     26 2161051908
      3 2161389312
     13 21625642
      3 216299334
     27 21645209
      4 2164654172
      3 2165292985
      5 216767555
      3 2170388323
     10 2172593423
      7 2173378878
      3 2173779986
      7 2178775035
      3 2180853599
      3 2180874848
      3 218303311
     18 218491913
      6 2184934963
     18 21891765
      4 21906715
      3 219275799
      5 2193135944
     26 21952044
      3 2196203149
      4 21972670
      5 2202236205
      3 2207896346
      4 22129280
      3 22162815
      6 221659600
      6 22178135
      6 22178780
      3 22189368
      3 2222450347
      5 222264309
      3 2224040881
      3 22240612
      6 2224624532
     16 22255244
      4 2227355222
      6 222748037
      8 2227646515
      3 22308033
     18 22317663
      4 2233154425
      3 2233495160
      5 22344763
      4 2235731509
      9 223592041
     15 223841564
     49 22448617
     15 2245797112
      3 2247128588
      4 2248919634
      4 225338707
      4 2254185433
     15 2256151754
      4 2257238187
     10 225779417
      3 225891527
      3 225939990
      5 225955620
     15 2260170266
      4 226087776
      3 2262316596
      4 226350647
     15 2264401871
      6 22650211
      3 2266925107
      4 226844500
      3 22691054
      3 2270918706
      5 2272111265
      9 22730752
     13 2273680110
      7 227531567
      3 2275398922
      6 2276080412
      6 22771961
      4 2277445532
     15 22776133
      4 22799257
      5 2280470022
      4 22815383
      5 2282368782
      3 228360645
      3 228487825
     10 228529107
     10 228686553
      4 228795466
     96 2288308578
      3 228947490
      3 2293415520
      4 2299987059
      4 2300453384
      3 2301114914
      6 2301844336
      4 230525285
     18 230621630
      3 2313052066
      8 2314018987
      4 2314055840
     14 2314087860
     17 2314656883
      3 2315512764
      4 2317802312
      9 2318108012
      4 23183455
      3 232427887
      4 2324991210
     36 232519990
      6 2325201420
      3 23256756
     22 2327654917
      7 23283299
      6 2328730903
      4 2329492448
      3 23308143
      6 23314049
     28 2332818674
      6 233468586
     53 23373153
      5 2337866346
      6 233788247
      5 2337986366
      3 233886065
      3 2340315002
     11 2341433004
      3 2342371519
     13 234497587
      6 23452847
      9 234611973
      3 234638601
     34 234694571
     16 23477240
      3 235122381
      4 235229140
      3 2352851258
     10 23563830
      4 235716417
      3 235717819
      3 23572083
     10 2358617670
      4 2359337692
      5 23603092
      7 2368704536
      3 236890726
     41 237045706
      5 23740831
     58 2377589106
      4 238220689
      3 238575113
     23 2388075212
      3 2391589446
      4 2393261827
      4 23937894
      7 23951122
      3 239535516
     11 2395421815
      3 239555645
      7 2397559128
      5 2400284491
      4 240095783
      4 2401117104
      5 2401980110
      3 240265305
      3 2406093795
      6 240903720
      3 2411157936
      3 241204643
      5 241215352
      3 2412223020
      4 2412307836
      7 2414812230
     14 2415072836
      5 241534687
     25 2416121735
      5 24179879
      5 2418068074
      3 2419132794
     64 2420267570
      7 242098879
      8 2421067430
      7 24211594
      4 2422634642
      5 242309449
    138 24238030
      8 2424318663
      7 242555999
      9 2425571623
      4 242827267
      3 24290265
     12 2429046650
      3 242957292
     22 243032876
      5 243144742
      4 2432830728
     18 243413063
      6 243518851
      3 2437169988
      3 243905347
     16 2439127994
      7 243983947
     10 24403753
      3 2440992621
     63 2441666255
      4 2444122315
      3 24442486
      4 2445134780
     70 24457744
      3 244655353
      5 244917756
      3 2449248200
      3 2453483250
      6 245480847
      3 24558868
      3 245786811
      9 2460279166
      4 2460613650
      8 246070116
     27 2461810448
      6 2461924214
      4 2464473097
     27 246667561
      5 2467791
     33 246939630
      3 24698180
      4 24700876
      3 24712487
     18 2471773471
      3 247412653
     10 247552110
     18 2479226604
      3 248801998
      5 248905682
     19 2490890594
      8 24928809
      3 24954627
      4 2497012915
     20 25049056
      3 25053299
      4 250642993
      5 25067168
      3 25098482
      8 25165002
     10 252521025
     11 252569527
      5 252591743
      5 252608121
      3 25264158
      4 252751061
     21 252794509
      4 2529819272
      3 25342745
      4 253615321
      4 25375962
      3 25386372
      4 25387843
     28 2542032578
     12 2542290469
      7 25516222
     15 2552935555
     14 255340030
     17 255369151
      8 255471924
     93 255812611
     22 255986116
     30 2561718665
      6 2569219368
     10 256957128
      8 2570178294
      4 25718389
     38 2573480784
     26 258124400
      9 2583166945
     12 2583270112
      6 258610634
      3 2589817064
      3 25919401
      5 2592929514
     10 2593496750
     14 259372802
      5 259388294
     21 2595088842
     18 259602009
      4 2596467997
      3 25974425
      4 2598999181
     11 260059352
     26 2601869406
      3 2602346270
      4 26044686
      4 26053643
     25 2608740770
      3 2610019524
      4 2610556160
      9 26138685
      3 26149716
     16 2615581908
      7 2616995078
      7 262219168
      3 262236158
      5 263129271
     35 263359642
     10 26361656
      3 263677606
      3 26391380
     18 263970953
      4 26443215
      3 2645440044
      3 265154042
      6 265284718
     16 26550418
      3 2655912266
      4 266101459
      3 26671374
      5 26704114
      4 267087362
      7 2672715140
      5 267377062
      3 2674405074
     28 267498657
      3 26775504
      3 2683210415
     14 268385416
      7 268416076
      4 26854187
     11 268738761
      3 2687688864
      3 2690515189
     15 2692420788
     10 26926580
     43 2695143194
      4 2697123192
     45 2698422738
     12 26985345
     13 269969154
      3 270064609
      7 270132611
      3 27013347
      3 2703702428
      4 2704294333
      5 2704421318
      3 270569708
     27 270921976
      4 271044800
      3 271074952
     13 271075882
      8 271445418
      3 271469777
      8 2715046843
      4 271603436
      3 2717774782
      3 27212075
      9 272196949
      3 2725669979
      3 2726021539
      4 27282113
      4 27321159
      8 2732180892
      9 2732591676
      4 27386099
      4 2740821001
     17 27413942
      3 2746166349
      3 2746644052
     88 2749315621
     52 27493883
     13 275104144
      7 27518001
      4 27555735
     68 2758100418
      9 27594032
      3 2761470155
      3 2769370660
     36 277587469
      3 27767093
      4 27823555
     20 27831488
      3 2783875490
      4 2784228956
      3 27843318
      6 2788843567
      4 27931710
     33 279390084
      3 27943005
      7 279456269
      4 280562113
     13 280664117
      8 2808650785
     13 2809661873
      3 280980769
      3 2811837447
      3 2811853882
     26 2813049204
      4 28206390
      4 2821767551
      8 282617380
      9 282619516
      6 2826804048
     11 2827076514
      5 2827085194
      8 2827556878
      6 282790593
     13 28279637
      3 283375938
      3 2835451658
     14 2835886194
      6 2835962353
      4 284205858
     11 2842740787
      5 2842841126
      5 2842944151
      3 2843122691
      6 284590933
      7 2846809907
      4 2849876151
     10 2851359505
      6 285427897
      6 2854922843
      4 286014324
      3 2865907814
      4 2868001836
      3 286998245
     27 2871121249
      3 28745526
     58 2876041031
      3 287834630
      5 28785486
      4 2880046113
      6 2880049930
      7 28817015
      6 28838219
      6 2883841
      8 2885493519
      6 2886667320
      3 2887865951
      3 288955712
      7 28897926
      8 289186412
      3 2894399038
      4 2894874689
      3 28978705
      9 2905260526
      4 2908699057
      4 290971505
      3 291336460
      3 291366918
      9 2916395070
      4 2917736960
      3 2918161040
      3 29194420
      3 2920030904
      3 292057235
      4 292120360
      3 2921282954
      3 2923235807
      3 292369459
     39 2926505202
      3 29270341
      3 293241580
      3 2932460195
      9 2932558313
     23 2935342215
      8 2937740737
      4 2940460727
      4 29418196
     29 29420301
      4 29427144
      5 2943739141
      5 2944677281
     63 29447428
      5 29472803
      3 29489360
      3 2949929927
      3 2951027582
      5 2956836471
      3 295875160
      3 2964161673
      3 2964174789
      9 29709009
      6 2971201923
      4 2973745205
      4 29770862
      4 298015007
      3 298060999
      3 2981354171
      3 29826996
      6 2984679029
      3 299026077
      3 29922585
     86 299273962
      4 299502506
      3 29950545
      4 29979762
     11 29979814
      4 3001691374
      8 3002029764
     17 3003886063
     10 3004269184
      3 30080029
      7 3008913119
      3 3011691524
      3 301326338
     45 301352485
      9 3014537423
      3 30292495
      5 302984766
      3 3030091312
     25 303324434
      3 303862998
     10 3044584264
     20 304679484
      3 304856790
      5 305216911
      6 306310810
      3 30634288
      6 3064984647
      3 3074759934
      3 307562004
      5 308062165
     19 30844417
     18 3087881119
      3 309119004
      3 309705905
      9 310323256
     10 310662144
     12 310746442
      9 311340010
      3 31135856
      4 3114313702
      4 311899155
     48 312412918
      4 3124786444
      4 312504426
      3 31252613
     45 3129968261
      6 3131144855
      8 3136383866
      4 31373289
      3 3141672447
     11 3143750061
     12 31447043
      3 31488410
      4 3157015988
      3 315950881
      3 3160248614
      4 316237866
      3 3164751252
      4 31669146
      3 3167508269
      7 317143861
      4 317615319
      3 3188762610
      5 3189885294
      4 3194991238
      4 31957479
      4 319619581
      3 319677725
     18 320822503
      8 321072317
      3 3213725730
     19 321669115
      3 32201814
      7 322103704
      8 3221117109
      4 322206188
      4 3223426134
      4 3224858939
      8 322866759
      7 322889483
      7 322913191
      7 32302688
     10 32313637
      5 323465282
      3 32431468
      3 32467167
     26 3246790436
      7 324684750
      4 3247652319
      3 325183830
      7 32528575
      9 325480259
     49 3255042949
      3 32578142
      6 3260680316
      8 326071624
     82 326184301
      3 32630870
      3 326765076
      6 3272484319
      4 3276863125
      6 3277827936
     14 3282955777
      3 328406897
      3 32871593
     20 328756439
      4 32876210
     55 3288075858
      6 3289440085
      8 329245246
     12 3292597556
      4 329305241
      5 3298227152
      3 3299903945
      3 3301752945
     12 3301957390
      5 3303457302
      3 3304320810
      3 33056274
      3 3305890749
      7 3310505366
     18 3311437198
      4 3314060295
     14 3314652765
      6 331672974
      4 33189473
     10 33216799
      4 33235771
      3 33276161
      4 3328441100
      7 3331851939
      4 333675474
     17 3341278667
     21 3342536589
      3 3349925638
      3 3351815242
      7 335312037
      3 3356509845
      6 3362160970
      5 3366520033
      3 337122857
      5 33712343
      4 3371308145
     54 33727663
      3 3378952744
      3 3380282686
     11 3383159573
      3 33841938
      3 338457230
      3 338535317
      5 3386968023
      3 338787319
      4 338875236
      8 33933259
      6 339435210
      9 339559375
      3 340144317
      5 340301443
     12 34036028
     14 34180269
      3 34217608
      3 3423997089
     24 34247411
      3 3425014283
      8 34262462
     10 342802864
      5 342863309
      3 34321294
      8 343452680
      5 34374472
      6 344185586
      3 344395626
      3 346304908
      3 34792486
      6 349803020
      3 35022195
      5 35094637
      7 351120282
      7 35157660
     57 351784239
      9 35203403
     11 352754946
      3 3529234932
      5 35315192
     10 353365146
      4 355241180
      4 355581570
      3 35586563
     35 35636271
      3 35720019
      3 357430585
      3 357584312
      5 357606935
     30 35787166
      3 35789947
      4 3579621921
      9 3589351635
      3 360214917
     13 36042554
      6 36048614
      5 36054262
      7 36065127
      3 361517390
      4 3627299718
      6 362787242
      4 363180823
      4 36375825
      5 364478729
      3 3644915056
      5 365216346
      4 365548740
      4 36573471
     15 3664109892
      3 366497984
     11 366498596
      4 36711022
      3 367532676
      3 3676080196
      6 368240745
     11 36876990
      8 369534015
      6 369714563
      3 36984909
      8 3702400223
      6 370316978
      3 371444442
      4 37190669
      3 372187968
      6 37298532
      7 373157754
      9 373452414
      5 37397428
      4 374031650
      4 374135040
      4 374356608
      3 374858898
      3 374985218
      3 3751489228
      3 3770574616
      8 377609596
      4 37813045
      5 37818106
      5 378197959
      3 378420614
     16 379052142
      4 37963496
      9 380268462
      9 3805847837
    193 380648579
      3 381303723
      6 3827830753
      3 382856144
      5 383046887
      8 3832
      3 38387578
     18 383986280
      3 38421062
      3 38434191
      8 38491229
      4 384923143
      3 38495710
      4 38531703
      8 3856305322
      4 38576013
      5 3866705320
     10 387170537
      7 38885578
      5 389542893
    113 38978291
      8 3902157616
      3 390863217
      6 3909195373
      4 39151934
      3 39155029
      3 393066504
     12 3931283419
      4 39367703
      3 393902100
     16 39469575
      4 3948308435
      5 39496081
      3 39547629
      4 396752631
      5 397025602
      3 397232213
     50 3972812140
      3 397507908
      3 39773949
      3 397836878
     18 3987701367
     15 399178595
      3 4012161
     26 40129171
      7 4018888580
      6 40353407
      3 40415457
     14 4043106914
      3 404422077
      8 40497328
      6 406842374
      7 4083165995
     18 40954616
     23 409657315
      6 410249471
      7 4103492464
      3 4105477510
      5 4105532853
      5 4106204219
      5 41160647
      5 412218262
      7 412235572
      3 412548718
      3 413606550
      6 41438148
     18 415170246
      3 416950760
      3 41702018
      3 417555594
      5 41822696
      6 418478013
      5 419622371
      5 4204665382
      4 42052422
      4 4218124714
      4 42371615
      3 42389136
     25 42407972
     21 424083365
     11 4249826728
      3 42501345
     12 42518865
      6 426081006
      5 4264297743
      3 4265107032
     19 428140124
    208 42836999
      4 42856767
      3 4289055375
      6 42927636
      3 42971403
      3 430595346
     14 430620548
      4 43077278
     10 430966134
      3 431486478
      6 431503395
      3 432396682
      5 43280157
      3 4329207378
      5 43338821
      5 433782651
     36 4361001253
     16 436414193
      4 436429668
     19 43792125
      3 43910797
     25 43976957
      3 43982437
      5 44060932
      4 44126404
      6 4413817101
      7 44170913
     10 442271643
      4 44334649
      3 444838837
      6 4459642286
      4 4473582389
      5 4480118843
      4 44849238
      4 448493391
      5 448692159
     12 44898608
      3 4491069142
      4 4491531140
      5 449588356
      7 4500218114
      4 452100948
      3 453114375
     10 45379403
     21 454071012
     30 454099919
     39 4541535439
      7 454791337
     11 455024343
      5 45544324
      4 456066153
      3 45641327
      3 456465801
      3 456636692
      3 457743272
      3 459051498
      6 459119926
      5 459141395
      3 459269265
     26 459310999
      4 459390022
      7 45970216
      6 459872442
      5 46090688
      7 462021312
      3 462513428
      4 463214687
      3 4640585592
      5 464119756
      3 46501605
      4 465193714
      5 46525929
     18 465938540
      3 465973
     19 466400667
      5 466519303
     27 46678624
      3 467137030
      8 467726691
      9 46775436
      4 467823431
      3 467826020
      7 468161947
      3 46817943
      3 468851612
     30 469509327
     16 470548083
      3 47094621
      4 471516779
      4 471941936
      7 47216804
      7 4725383142
      3 47285504
      4 472983997
      3 473482276
      3 47379354
      3 4742724375
      6 474336882
      3 474917204
     13 475063210
      6 4766109733
      3 4775213994
     28 477934944
      3 478092012
      3 478171699
      3 4792461621
      5 480196886
      3 48035511
      3 4811011050
      6 4811437555
      4 48161330
      5 4823433298
     23 4823705386
      3 482702454
      3 48289662
     43 4830874006
      9 48325671
      3 48367770
      4 483701821
      3 484197914
      9 48419856
      3 4846486693
     11 4849786505
      3 48523902
      3 486027045
     13 48624704
      9 486766063
      3 486788914
      7 486834536
      3 487584390
      3 487942988
      3 487962301
      3 48821708
      6 4882273461
      4 488950348
      8 489377813
      8 4896679942
      4 489693172
      4 490002009
      3 4919154620
      3 49217025
      3 493526610
     19 493714995
     23 49408718
      8 494626920
      7 496456374
      3 49649465
     16 49698134
      4 4970411
     37 498753368
      3 499897481
     12 500704345
      5 50077498
     18 50109331
     12 50123331
      6 502326430
     12 50317463
      5 50533849
     37 508591081
      3 50968251
     39 51241418
      7 512554477
      5 514365260
      3 514521528
     28 51547100
      6 51689310
      7 517105402
     17 518615888
      3 519321215
      8 519388948
      6 52003080
     12 52136185
     18 522530914
      5 524396430
      4 524524991
      3 524769634
    125 524869533
      4 524939820
      6 52520708
     33 525847148
      5 526197521
      3 52660746
      4 52710136
      9 52730608
      8 52770751
      3 52855610
      3 528607113
      5 528674835
      8 52939106
     14 529540495
     10 531618878
     12 531633997
      3 532241033
      3 532453867
      3 53303554
      4 534841923
      4 5360012
      3 536904693
     48 537175623
      3 537725764
      3 537862213
      3 538021652
     12 53963427
      4 539833719
      4 540543234
      5 542368417
      6 544268841
     46 544732668
      4 54575030
      3 546071988
     25 54617733
      3 54641489
      5 54730258
     28 548289031
      8 548384458
      3 549806678
      7 550121941
      7 550373091
      3 55060090
      4 552783037
      3 556079802
      4 557453711
      3 55826082
      5 56070554
      3 561549614
      3 562996358
      4 56338737
      3 56381997
      5 56487665
      9 56562803
      3 56575418
      4 566325946
      9 566688127
     20 56698179
     31 56768709
      4 56798488
      3 569540227
      3 570290656
      6 571141141
      3 572062434
      3 578473361
      6 578601744
      3 57906313
     16 57937201
      4 580312540
      5 581450356
      3 582414351
     14 583821006
     30 58413196
      3 585229573
      4 58562226
      5 58569413
     56 586291040
      3 586420487
      3 586749256
      3 586768717
      4 588732151
      4 58945187
     14 58974496
      5 589917808
      3 589934685
      4 59067938
      3 59143817
      3 59189439
      6 593289567
     16 59393368
      3 59471660
      4 59532544
      4 59608571
      4 596893898
     22 59811175
      3 59862199
      3 599081495
      8 59936143
      4 601107649
      8 601811574
      6 602403521
      6 605153786
     21 60606206
     48 60779696
      4 60783724
     15 60886384
      3 6094772
      6 61183568
     28 612473
      3 612785170
      4 613433935
      3 61348039
      9 61454352
     21 614600545
      3 619154715
      3 619400667
      3 620393146
     18 621533
     12 62306952
      7 62513246
      6 62576309
     13 626470812
     28 630995607
     21 631221668
     17 63217258
     46 63383628
      8 6395222
      4 64020286
      4 64256128
     11 64417485
     13 64703161
      3 64705123
      4 64873265
      4 65868364
      3 66369181
      8 66401056
     20 66917778
     12 67805368
    159 67934675
      6 68219213
      3 68405620
      3 68950503
     19 68964628
      5 68991446
      7 69080476
      5 69172612
      3 69176047
     71 69193833
      5 69324340
      4 701118813031550979
     10 701844034755633157
      3 70315912
      8 70435999
      6 706171767295967233
      3 708130060738306049
      4 708238897688535040
      6 709860687
      6 709863948686909441
      3 710810024411537408
     17 711750460932141056
      4 71298686
      6 713118204453851138
      3 713133920968159232
      5 713273274529144833
      6 713752653289955329
      9 713761799103971331
      5 713799110327820288
     12 713839291210792960
      6 715129786545410048
      3 716510182
     41 71686324
      6 718877167942152192
    160 720139699
      4 720420236076277760
     33 721190828
      6 722242009
      3 723960774
      7 724385950927826944
      4 72480697
      3 725076563302174720
      3 72511671
      3 725798322
      3 72584356
      4 726070073081868289
      3 72627052
      5 726372601
     15 72655429
      3 727007094
      3 727933551526748161
      5 72819944
      6 728273994
     13 729086825172766720
      8 730021628
      3 730314451
     24 731167584
     91 73206956
      9 732521058507620356
      4 73377501
      8 73406718
      3 734490578310795264
      3 736951356070580225
      3 737049250366820356
      7 737387991820296192
     15 73754019
      3 737958300189392897
     13 738779772
     21 738806388
     23 739844197935644672
      6 740244738738126849
      5 740509130
      5 740703245048287233
      8 740989553960452096
     21 741693001
      3 742732369497587712
      5 744260935527735296
      5 744601892
      3 74478487
      7 74508260
      3 745699859169165312
      3 74580436
     17 746371177174679552
      3 746377806754394116
      3 746412932360208384
      3 747375639708180480
      3 748362288
      5 749650176
      3 750374138578018304
      3 750386497
     13 750531092
     14 750658704949678081
      4 751283435382067202
      5 751615724649582593
      4 751693692
      3 754108043974107137
      3 754779907297804288
     29 755135678422327296
      4 756301949264236544
      9 757709036414316544
      3 757938642
      6 758114193895665664
      6 758699099331919872
     58 7587032
      4 759251
      6 759433657
      8 760213207332052995
     14 760219193195302912
      3 760694335356690432
      5 761102610
      7 761819600568717312
      4 762746481287782401
     57 763010018
     37 764657028
      3 765507685630500868
      8 7.66136E+17
     12 767442185943785472
     22 767788995962998784
      7 76780096
     10 768677588617138176
      3 769104366376656896
     12 76941017
     12 77005412
      5 771746242887987200
     10 771851136655589377
      3 772076126
      9 772646638225469440
      3 772804856860073984
      6 774032990578040832
      6 774445533008191488
      7 774510439824822273
      3 776009589754126336
      4 777449463656902656
      3 7777302
      3 77821953
      9 77853610
      5 7786612
      7 7790922
      3 7794142
      3 780788598517882880
      4 781921562265948160
      4 782018153207431168
      3 783655217170554880
     13 784218054855127041
      5 784890784273215488
      4 785406
     17 78553276
      6 786764
      4 78706973
      3 787727156
      6 78835016
      3 788560328640503808
      3 789203988533026818
      4 790078801
      3 79031518
      3 791077327
      3 79117953
     21 792054557501038592
      5 792254042
      5 792913410
      4 793520017
     28 79402753
      4 794241805894172672
      8 794927173245210626
      3 795138728218021889
     27 797179922087297024
     10 797190773510848512
      5 797406769
     33 798953701972938752
      8 798973032362606600
     27 799077446
      3 799617770
     11 799717156589965312
      4 799718923541291008
      7 800463336630403072
     10 8.00971E+17
      8 801111943775973376
     16 801717287300530176
      8 802649176299466752
      3 803694179079458816
     15 804582780298412032
      3 80471236
     29 805064713256079360
      3 805248112264626176
      9 80571323
      4 806113446546853888
      4 806240323630432256
      4 806258923896455179
      5 80653307
      6 806906355214852096
      3 807357676300730368
      5 807787995940036608
    179 80802900
      4 80862758
     11 809310522
      3 80944550
      3 809558204413779970
      3 809735065
      8 810282809482944512
      7 810603440984494080
      7 811192656
      6 811229675758505984
      4 811704294743359493
     12 812361923304034304
    158 813314931147816960
     20 81399051
     17 815297463695327234
      6 815708250217840640
      3 815947759178174464
     18 816308289457848320
      8 816321242
      5 817086280597209089
      3 817530967195684864
      3 817923454456373249
      3 81828490
      4 818455148271964160
      3 818483186560864256
      7 818513652814843906
     10 818733968
      6 818837224003289088
      4 818886214539427840
      6 819014958822232064
      6 819803779713286144
      3 819807891922108418
      7 819808011401072641
      3 819808366125981696
      3 82097756
     11 821901681231298560
     16 822591807821381635
      7 823269389000642560
      8 823287122631102464
      3 823300777087275009
      3 823583545100816390
     25 823610492472164353
      4 823668549856002048
     12 824171349874769921
     13 824315782947631104
      4 825829081866436608
      6 826226272418283520
     17 826631824700997633
      3 826872000425631744
      8 82709293
      9 828038191974346752
      4 828561216918335489
      3 829488643152703488
     11 829647236
      3 829885482196561921
      3 831279407088148480
     14 832524310199824384
      9 832616065259614209
      6 834081571493785600
      5 834825983010107392
      5 835552373615493120
     11 835939985144627200
      6 836833110
      3 836896610797903873
      7 83795099
      3 839420851099471873
      3 839590899562737667
      3 839990047764017153
      6 840502412842541056
     29 84083187
     14 841489249157468161
      9 841613136843157504
     19 841694471293173760
      9 84174241
      6 841842912870645760
      3 84198189
     15 842432472
      8 843433646962999296
      4 843447680
      3 843556423548067840
      6 84391238
      4 844136511079559168
      5 845795943479959552
     15 846037320667217921
      3 848148994102611969
      3 848180033688612864
      7 8487622
      8 848911132496723969
     25 850343119451299841
     11 851051040
     11 851660614137135104
      4 85289376
      6 854241227503529985
     13 855263756
      3 85568680
      7 85583894
     10 856010760
     11 856852362278948864
      3 856875542770925568
     24 856959757
      5 857551308756312068
      4 85795383
      4 85874860
      4 859234990340546560
      3 86010091
     14 860715570
      4 861137888838393856
      9 86141342
      6 862315394
      3 862430010
     26 86302370
      5 863527548
     20 864030687120281602
      3 864560037821370369
      3 864624748738875392
     12 865315737690284032
     28 86606520
     33 86626845
      3 866451086349144065
      5 866724171304194048
     32 867211584
      3 867353936897986560
      9 867966382700240896
      3 86925202
     45 86970530
      3 869988732212064256
      4 870413586035855360
      9 870629200348274688
      4 872406600253919232
     56 873135988440223745
     50 87358629
      3 874006150399877120
     25 874916178
      4 87528671
     14 875612784863531008
      4 876794657669353472
      7 877271167811244032
      4 877968869138329601
      3 878284831
     15 879147821915615233
      5 879161563
      5 879810242153914368
      7 880018682
      6 881615056437297152
      4 881705032718077952
      8 881708118903726080
      9 881974187589603328
      7 8820062
      4 882759681667588096
      4 883096772163325952
      4 883265335356477440
      3 885029389494308869
      6 885131602677858305
      3 885206174261542912
     10 885814222021591041
     90 885891622919184384
      4 886032877011558400
      3 886060860
      3 88661109
      7 886776512426328064
      7 886857086717628416
      6 88869834
      3 888768519277608960
      5 88896028
      4 89059001
      4 891701342342926336
      3 892377658847350786
     14 89243448
      5 892906484
      3 893479800
      3 89442728
      7 895056335150174209
      3 895118100
      5 896166389332848640
     16 896202053420056577
      7 897083413466951680
      3 897360248737902593
      4 89820928
      9 898231845925646336
      7 898565402346827779
      7 899091021895786496
     34 899340282436747267
      4 900669223122472960
      9 900733668779544578
     14 90107770
      3 90146161
      3 901932768
      4 902949236916060160
     31 904206913889554432
     10 904408999
      3 904949673974214656
      3 905207232769384448
      6 90676132
      4 907139600
      6 907787818898001920
     10 908600227468271616
      4 90927065
      8 90949148
     10 909743718575611905
      3 910254330292375552
      3 91039220
      3 911379248467910656
      5 91149180
      4 913063871681835008
      3 913536285461147649
     12 913639056348553216
     15 913835190572670976
      5 91478624
      3 915668644058865665
      6 91569402
      5 915959557570138112
      3 917397799972605953
      6 917416223541022720
      5 917442644
      3 918183376842084356
     16 918291738703171584
      6 919586284670201857
      5 919965874311782400
      5 92004163
      4 920943710254313472
     22 921243130262728704
      5 922294461186453504
      4 925385771112071169
      3 925440025331929089
     12 926019424154349568
      5 926063931201916928
     73 926164634570067968
      3 926197605377310720
      5 926214412050067456
      3 926340910828290048
     10 926811657359077376
     34 92759522
      9 927909674837458944
      4 929330853334999040
      3 929823128259387392
      7 929859631119323137
      4 930419292
      3 931239693534093312
      5 932068755856936960
      3 93419198
      6 934283762
     32 934810674450059265
      5 935116421977186304
      4 93600148
      5 936078120
      3 93618872
      4 937019478
      3 937422446323314688
     15 937899468585828352
      3 937972724563173376
      9 938261383434637312
      5 939021992
     27 939486738543796224
      3 93964759
     16 939697315379646465
      7 940557250111987712
     91 940778288871542786
      6 941055265054408704
      7 941445693331427330
      3 941662868927406080
      5 941754604118831105
     56 942156122
      5 942241440855343104
      4 943134800159891457
     28 94350709
     11 943906396180905984
      7 946344888
     15 947542594569097216
      7 947924373029171200
      3 948169852547715072
     13 948961748261810176
      4 949681897
      3 950249762
      6 95091601
     41 953924228306305024
      3 954219064406114304
      5 955767251449405440
      6 956171191
      4 956188013301829632
      6 95620187
      9 956266072440635392
      6 956516400343986176
      7 956940279038332928
      5 95721440
      4 957306920
      3 957771626
      3 959164093
      6 96092282
      6 961168145980407808
      4 962820603995672577
     19 963542914403094528
      7 963792240232488961
      9 963938566068998145
      4 964190420556279808
      7 964865616967553024
      3 965007824
      3 965347428919533568
      5 965588254899699713
      3 96646729
     56 96648433
      3 96675300
      3 967109552
      3 967810396483674112
      5 96846955
      3 968778669551439872
      7 968831639857061888
      4 968842541222084610
      4 96906231
      6 969221141347913734
      4 9695312
     10 970109612597895168
      9 970207298
      3 970577438
      6 971210280
     14 971315817358020608
      3 971466492356251648
      3 971496853467549697
      3 972491543666987008
      5 973909213662646272
      7 97474887
      8 975500192
      3 976119108050800640
     70 976948534053343233
      4 976995099170062338
     97 977204844
      3 977302343552204805
      4 97739866
      5 977954172556361733
      7 978265628426432512
      3 978606266040938496
      3 978947769888116736
      3 979140480096071680
      6 9.79212E+17
     12 980203468806868996
     12 980303274606669824
      4 98141307
      3 981423572
     40 98429846
      6 984301467359170564
      3 984717717927333888
      7 985523859179925504
     44 985749294
      3 98575337
      3 987236107669655552
      5 987284629819244544
      3 990043728344748036
      3 990056731
     11 991325810295562241
      9 99188075
      4 992069133687840768
      7 992149270399725568
     20 993492864066768899
      4 994142608715927557
     27 997519418492993537
      4 997620077599035392
     11 997682274
      3 999834427
